 --------------------------------------------------------------
 r_hat or rho_hat grid
 --------------------------------------------------------------
 0.
 2.00000000000000004E-2
 4.00000000000000008E-2
 5.99999999999999978E-2
 8.00000000000000017E-2
 0.10000000000000001
 0.12
 0.14000000000000001
 0.16
 0.17999999999999999
 0.20000000000000001
 0.22
 0.23999999999999999
 0.26000000000000001
 0.28000000000000003
 0.29999999999999999
 0.32000000000000001
 0.34000000000000002
 0.35999999999999999
 0.38
 0.40000000000000002
 0.41999999999999998
 0.44
 0.46000000000000002
 0.47999999999999998
 0.5
 0.52000000000000002
 0.54000000000000004
 0.56000000000000005
 0.57999999999999996
 0.59999999999999998
 0.62
 0.64000000000000001
 0.66000000000000003
 0.68000000000000005
 0.70000000000000007
 0.71999999999999997
 0.73999999999999999
 0.76000000000000001
 0.78000000000000003
 0.80000000000000004
 0.82000000000000006
 0.83999999999999997
 0.85999999999999999
 0.88
 0.90000000000000002
 0.92000000000000004
 0.94000000000000006
 0.95999999999999996
 0.97999999999999998
 1.

 --------------------------------------------------------------
 slowing down alpha2 density profile    1Mev slowing down  BLUE
 --------------------------------------------------------------
 alpha2 density in 10**19 1/m**3
 0.10199361769485787
 0.1019511855952719
 0.15245639426127705
 0.16841175867119693
 0.17661067964558907
 0.18208570524581635
 0.18602678495030378
 0.18898251272362696
 0.16627930027005799
 0.14988091961199035
 0.13873934498098794
 0.13374387578170635
 0.12519566501426155
 0.12673403574889763
 0.12195348057960953
 9.90429747111249842E-2
 8.39129969247357915E-2
 7.04586278845533431E-2
 5.48346832366993359E-2
 4.43297726218087745E-2
 3.74328156200750758E-2
 3.23279140478372265E-2
 2.83201518985441263E-2
 2.50574030453995476E-2
 2.23339526018799493E-2
 2.00184889993069576E-2
 1.80219188225421226E-2
 1.62810264270733009E-2
 1.47493949671741766E-2
 1.33920085883423925E-2
 1.21818687252233451E-2
 1.10977804920346628E-2
 1.0122852608048653E-2
 9.24345023477578243E-3
 8.44844515205477216E-3
 7.72866684229623832E-3
 7.07649275972576514E-3
 6.4855371731148059E-3
 5.95041122140300104E-3
 5.46653537281922234E-3
 5.0299911341081709E-3
 4.63740267880021362E-3
 4.28584169233373492E-3
 3.97275056067049239E-3
 3.69588030284289781E-3
 3.45324052080739829E-3
 3.24305921123991267E-3
 3.06375062218499803E-3
 2.91388949881523631E-3
 2.79219010396993417E-3
 2.7923538085487744E-3
 --------------------------------------------------------------
 --------------------------------------------------------------
 finished transported alpha2 density profile  1Mev NBI SELF only GREEN
 --------------------------------------------------------------
 alpha2 density in 10**19 1/m**3
 8.7988175734549201E-2
 8.79878294800684052E-2
 8.79881757346172438E-2
 8.79878294945299066E-2
 8.64191222415530702E-2
 8.44532082143770041E-2
 8.24943869328128021E-2
 8.02829534952582413E-2
 7.79916625148473347E-2
 7.47938382885313391E-2
 7.21055276468113709E-2
 6.99788110619913584E-2
 6.67488903065499156E-2
 6.22493724823927133E-2
 5.87880149729246779E-2
 5.55670022960293858E-2
 5.34102951546223878E-2
 5.17717912475135628E-2
 5.02404801404739004E-2
 4.86205584512923589E-2
 4.67657395968064382E-2
 4.50618165220744923E-2
 4.33205338987170743E-2
 4.15856913171402526E-2
 3.98285738097877429E-2
 3.79988944959462546E-2
 3.51869425014220832E-2
 3.07488046629794988E-2
 2.69778903995569509E-2
 2.36420616127826361E-2
 2.07040199655625923E-2
 1.81186689863311289E-2
 1.5845601858506423E-2
 1.38479030335964329E-2
 1.20919086306125259E-2
 1.05469324150295977E-2
 9.18502656081673745E-3
 7.98077460444051451E-3
 6.91112437220107491E-3
 5.95527592648914701E-3
 5.0946503158046429E-3
 4.31297837696655029E-3
 3.59656333712924216E-3
 2.93478292034127664E-3
 2.32090106917757534E-3
 1.75325058198231112E-3
 1.23682181560239631E-3
 7.852661231556291E-4
 4.23454221009236548E-4
 1.93172077812160062E-4
 0.
 --------------------------------------------------------------

 --------------------------------------------------------------
 finished transported alpha2 density profile  1Mev COMBINED RED
 --------------------------------------------------------------
 alpha2 density in 10**19 1/m**3
 7.32445071465004788E-2
 7.30769174388622572E-2
 7.27852633205866295E-2
 7.22017829658162108E-2
 7.05603664896656685E-2
 6.88963802158160249E-2
 6.72581748863619183E-2
 6.54754098361478715E-2
 6.35720553043396253E-2
 6.14256192246514302E-2
 5.94370360038143017E-2
 5.7603187743503384E-2
 5.5516708721591479E-2
 5.33231158287553811E-2
 5.1251930990079235E-2
 4.92061424458860516E-2
 4.74628361157414663E-2
 4.59713497608117E-2
 4.45743961900203906E-2
 4.32115904381770652E-2
 4.18580669581736439E-2
 4.06136832320957361E-2
 3.94402451109261212E-2
 3.8329229708885075E-2
 3.72845193743437039E-2
 3.62671664388284146E-2
 3.49728704285601072E-2
 3.29918829644445452E-2
 3.09395823885406374E-2
 2.86848097983593182E-2
 2.57078177923751698E-2
 2.25334653415092991E-2
 1.93671823849887424E-2
 1.66612407288861189E-2
 1.43228720219341216E-2
 1.23038089379475055E-2
 1.05584233592363168E-2
 9.04609912570672123E-3
 7.73064129662650278E-3
 6.57997522503893286E-3
 5.56592794249455205E-3
 4.66414547781795075E-3
 3.85419823243620882E-3
 3.11994068089267544E-3
 2.45019564833409741E-3
 1.83982338745592323E-3
 1.29120888535275754E-3
 8.16175733405369135E-4
 4.3847395589650533E-4
 1.9951069412621757E-4
 0.
 --------------------------------------------------------------
 --------------------------------------------------------------
 source2 flow           1Mev NMI birth flow  BLUE
 --------------------------------------------------------------
 in [10**19 1/m**3]*[m/sec]*m**2
 0.
 1.90159642277771962E-2
 9.57148218360726194E-2
 0.25039957680569508
 0.48513913765353844
 0.80325800341846687
 1.2085072513578037
 1.704562935904119
 2.2534203065117833
 2.8180024412310258
 3.4058265431693351
 4.0323607238314585
 4.6975823016359399
 5.4178373107588129
 6.202028844762447
 6.9650779785418804
 7.6575424901858744
 8.2951775080010481
 8.8576412173631009
 9.3414989769262569
 9.7743192492277444
 10.174145134248644
 10.549932733580565
 10.907085798781972
 11.249208543211886
 11.578862746271872
 11.897952422105641
 12.207940713369965
 12.509981553191071
 12.805004157532423
 13.093769666705949
 13.376910482425387
 13.65495839901399
 13.928365224477115
 14.197518220002909
 14.462751874283382
 14.724357028559384
 14.982588049990758
 15.237668542878554
 15.48979594791947
 15.739145284328933
 15.985872223169268
 16.230115633029744
 16.471999705190875
 16.711635740536497
 16.949123662056746
 17.184553302977509
 17.418005510087127
 17.649553093819002
 17.879261650456371
 18.111182777386794
 --------------------------------------------------------------
 --------------------------------------------------------------
 finished flow of alpha2 density profile  1Mev  SELF transport flow GREEN
 --------------------------------------------------------------
 alpha2 flow in [10**19 1/m**3]*[m/sec]*m**2
 0.
 2.60459447511698873E-3
 2.96014627522811213E-2
 0.10031678713593227
 0.21697969449005741
 0.38403809312965798
 0.60590596820714715
 0.8870378236424471
 1.1904518398378752
 1.4816201670210405
 1.7698790515447336
 2.0696480851554924
 2.3834346699205278
 2.735659120779776
 3.1383541103608614
 3.5051765031445674
 3.7840177216815416
 3.9858540711394101
 4.0882589222403416
 4.0879737105367955
 4.0145450482252878
 3.8869437457286207
 3.7141152670448174
 3.5022724583553981
 3.2558607174256258
 2.9790292420745899
 2.6839008091159871
 2.3984089669017932
 2.1388885198151142
 1.903580950107852
 1.6919683283478464
 1.5032766992521276
 1.3366487534748863
 1.191195527599922
 1.0660533859699848
 0.96043974361117557
 0.87370989846010638
 0.8054158721290563
 0.75536714369049351
 0.72369140015214728
 0.71089050637647799
 0.71788221977085187
 0.7460111546519832
 0.79700285123539416
 0.87282305462139498
 0.97539249783631399
 1.1060997772961414
 1.265056985459089
 1.450054243540114
 1.6550914285404876
 1.8790978245083629
 --------------------------------------------------------------

 --------------------------------------------------------------
 finished flow of alpha2 density profile   1Mev NBI COMBINED transport RED
 --------------------------------------------------------------
 alpha2 flow in [10**19 1/m**3]*[m/sec]*m**2
 0.
 5.38715931318660239E-3
 4.09206070098747099E-2
 0.12648179351079153
 0.26460471435819688
 0.45944238410579075
 0.71513870758218789
 1.0359364577529224
 1.3846782210303314
 1.7255160196333506
 2.0668417796595175
 2.4242179038300473
 2.7986027135006029
 3.2081055432987298
 3.6625474725128959
 4.0773952010747561
 4.4029237861823312
 4.6534412135293248
 4.8075652000952642
 4.8615015740785834
 4.8427632254886523
 4.7688341514873533
 4.647605918526768
 4.4834675779341699
 4.2788267516989915
 4.0351071250363626
 3.7558570839700089
 3.4511686904682706
 3.1305205725047278
 2.800224047592105
 2.4749881548989525
 2.1718098202864797
 1.9014518484615077
 1.6667861001146254
 1.465105627493944
 1.2942909676284509
 1.1524119544842533
 1.0378262321055423
 0.9492418185638819
 0.88578098803017691
 0.84703749801945172
 0.8331176591356636
 0.84464835535112281
 0.8827253281472397
 0.94876313709460092
 1.0441963770961122
 1.1699742409168001
 1.3257930458508334
 1.5090232145839027
 1.7132063413091487
 1.9369530295840081
 --------------------------------------------------------------

