 --------------------------------------------------------------
 r_hat or rho_hat grid
 --------------------------------------------------------------
 0.
 2.00000000000000004E-2
 4.00000000000000008E-2
 5.99999999999999978E-2
 8.00000000000000017E-2
 0.10000000000000001
 0.12
 0.14000000000000001
 0.16
 0.17999999999999999
 0.20000000000000001
 0.22
 0.23999999999999999
 0.26000000000000001
 0.28000000000000003
 0.29999999999999999
 0.32000000000000001
 0.34000000000000002
 0.35999999999999999
 0.38
 0.40000000000000002
 0.41999999999999998
 0.44
 0.46000000000000002
 0.47999999999999998
 0.5
 0.52000000000000002
 0.54000000000000004
 0.56000000000000005
 0.57999999999999996
 0.59999999999999998
 0.62
 0.64000000000000001
 0.66000000000000003
 0.68000000000000005
 0.70000000000000007
 0.71999999999999997
 0.73999999999999999
 0.76000000000000001
 0.78000000000000003
 0.80000000000000004
 0.82000000000000006
 0.83999999999999997
 0.85999999999999999
 0.88
 0.90000000000000002
 0.92000000000000004
 0.94000000000000006
 0.95999999999999996
 0.97999999999999998
 1.
 --------------------------------------------------------------
 --------------------------------------------------------------
 starting transported alpha density profile     BLUE curve
 --------------------------------------------------------------
 alpha density in 10**19 1/m**3
 3.82349445281661496E-2
 3.81867285457079889E-2
 3.8011649063220132E-2
 3.77112509042820537E-2
 3.72881911182686016E-2
 3.6746206644113058E-2
 3.60900686732851875E-2
 3.53255242867820257E-2
 3.44592261089289656E-2
 3.34986508825741505E-2
 3.24520080241664927E-2
 3.13281393614961434E-2
 3.01364113897287823E-2
 2.8886601500889876E-2
 2.75887797461841465E-2
 2.6253187777444776E-2
 2.48901166815272933E-2
 2.35097854675178596E-2
 2.21222219891515325E-2
 2.07371480818527437E-2
 1.9363870663457336E-2
 1.80111804883019526E-2
 1.66872601546048036E-2
 1.53996028439314508E-2
 1.41549431185557656E-2
 1.2959200917823481E-2
 1.18174396790913776E-2
 1.07338392642246511E-2
 9.71168410180067374E-3
 8.75336666206948978E-3
 7.86040607164262793E-3
 7.03348135451236246E-3
 6.27247846351907442E-3
 5.57654995148332625E-3
 4.94418583509951236E-3
 4.37329393995506636E-3
 3.86128779553237579E-3
 3.40517998957036005E-3
 3.00167880710141503E-3
 2.64728598635498909E-3
 2.33839353662682872E-3
 2.07137779623313943E-3
 1.84268927428542966E-3
 1.6489373286314407E-3
 1.4869693919201633E-3
 1.35394527398342889E-3
 1.24740804517820426E-3
 1.165354144317024E-3
 1.10630665834773813E-3
 1.06939719164827899E-3
 0.
 --------------------------------------------------------------
 --------------------------------------------------------------
 finished transported alpha density profile   SELF ONLY  3.5Mev Alpha  GREEN
 --------------------------------------------------------------
 alpha density in 10**19 1/m**3
 3.1767226625368121E-2
 3.16804928917071363E-2
 3.1419790987210594E-2
 3.09826307113568872E-2
 3.0365235329930837E-2
 2.9561914338620373E-2
 2.85629490409135683E-2
 2.73930261701567611E-2
 2.63741741997912567E-2
 2.54626370276692035E-2
 2.46035135933649132E-2
 2.38024782531266015E-2
 2.30480028867885781E-2
 2.23195406944964835E-2
 2.16639369632553071E-2
 2.09566340204929737E-2
 2.02202243986901488E-2
 1.95526688729994388E-2
 1.88851974959180387E-2
 1.82479210962153728E-2
 1.76371080435014232E-2
 1.70535652156165937E-2
 1.64960796589478792E-2
 1.5947359009395555E-2
 1.54269463624118735E-2
 1.48878497937532817E-2
 1.41705315446730932E-2
 1.3260340817575449E-2
 1.21461085486159054E-2
 1.08361033875658871E-2
 9.53045939745097645E-3
 8.23663905020198019E-3
 7.1531716186050108E-3
 6.22322225004280204E-3
 5.42066532791318605E-3
 4.72399987080668587E-3
 4.11655719483998515E-3
 3.58496662091255247E-3
 3.11813240665376624E-3
 2.70644229405609922E-3
 2.34117663948656476E-3
 2.01409160077181681E-3
 1.7171893493724132E-3
 1.44274371745445502E-3
 1.18372004259945985E-3
 9.34790097452682872E-4
 6.94170032804082939E-4
 4.66490374624015797E-4
 2.66865250764140654E-4
 1.27614708126234369E-4
 0.
 --------------------------------------------------------------

 --------------------------------------------------------------
 finished transported alpha density profile     COMBINED  3.5Mve alpha  RED
 --------------------------------------------------------------
 alpha density in 10**19 1/m**3
 2.61525499068581725E-2
 2.60125325033151548E-2
 2.55905344475737713E-2
 2.48743042563317335E-2
 2.40762706539443157E-2
 2.34794592159638937E-2
 2.30004884418007725E-2
 2.253020071581378E-2
 2.20598566974030755E-2
 2.15304333918842385E-2
 2.10501196862950442E-2
 2.06107301748736267E-2
 2.00955183329976118E-2
 1.95486879619567837E-2
 1.90426079008531764E-2
 1.85477137750901383E-2
 1.81310950227376345E-2
 1.7773813370026377E-2
 1.74333700738750763E-2
 1.70902902457864998E-2
 1.67357522907423742E-2
 1.63999714125801534E-2
 1.6075045147244376E-2
 1.57607764873876934E-2
 1.54595816118248269E-2
 1.51569235749042432E-2
 1.47434358765560145E-2
 1.40289922247329394E-2
 1.3270457782589876E-2
 1.24103349668607116E-2
 1.11284585036813665E-2
 9.65662009966902074E-3
 8.10861434588925137E-3
 6.87679980239950042E-3
 5.86282789511116155E-3
 5.02072888461614891E-3
 4.31408129112435031E-3
 3.7154520384583725E-3
 3.20372224992075249E-3
 2.76222235524098891E-3
 2.37731812009174667E-3
 2.03738193324248459E-3
 1.73211257030811026E-3
 1.45223372523311947E-3
 1.18968001060300614E-3
 9.38447696103724923E-4
 6.9631921134744978E-4
 4.67655829808831058E-4
 2.67415406927383188E-4
 1.27844166855319388E-4
 0.
 --------------------------------------------------------------

 --------------------------------------------------------------
 source flow                   3.5mev alpha birth flow   BLUE
 --------------------------------------------------------------
 in [10**19 1/m**3]*[m/sec]*m**2
 0.
 1.13957526039763779E-2
 4.58001365239512001E-2
 0.10356359299248011
 0.1848666233481083
 0.28971609370951701
 0.41794345045857501
 0.56920489411768993
 0.74298353493646041
 0.93859352851322941
 1.1551861643565411
 1.391757854739988
 1.6471599458321793
 1.9201102482104973
 2.2092061598178003
 2.512939231523807
 2.8297110040373048
 3.1578499253100616
 3.495629140103143
 3.8412849283696717
 4.1930355568544737
 4.5491002991185274
 4.9077183733485779
 5.2671675450768616
 5.6257821435603121
 5.9819702462788076
 6.3342297960092058
 6.6811634293904021
 7.0214918149592878
 7.3540653224211718
 7.6778738734996841
 7.9920548581327626
 8.2958990380468549
 8.5888544028140803
 8.8705279912976671
 9.1406857437962028
 9.3992505070377312
 9.6462983752344194
 9.882053615422306
 10.106882493964301
 10.321286393023236
 10.525894680599418
 10.721457874906518
 10.908841722911292
 11.089022893215951
 11.263087064494359
 11.432230271731889
 11.597764452840174
 11.761128217050409
 11.923903933013142
 12.087842307883205
 --------------------------------------------------------------

 --------------------------------------------------------------
 finished flow of alpha density profile      3.5Mev alpha SELF transport  BLUE
 --------------------------------------------------------------
 alpha flow in [10**19 1/m**3]*[m/sec]*m**2
 0.
 2.03236245249205751E-3
 8.22977848522585091E-3
 1.88472253641341729E-2
 3.42602068184863287E-2
 5.49945628611256468E-2
 8.17730542574228586E-2
 0.11549609248799839
 0.1563851887188146
 0.20380657536162525
 0.25700512276071968
 0.31505915644738614
 0.37679933212111016
 0.44094049199225371
 0.50583044378294417
 0.57004718949798494
 0.63264275190764208
 0.69190638908980495
 0.74585060997206964
 0.79261703106672965
 0.83006348131707197
 0.85596792866635973
 0.86802237204829769
 0.86405101118268723
 0.841809367678234
 0.7994257289558383
 0.73811687430663631
 0.66254644876711888
 0.57944361765045871
 0.49759071010406342
 0.42389803928221331
 0.36272463069963068
 0.31441313915291386
 0.27580310428813559
 0.24478483649954433
 0.21977212700207099
 0.1996529965644038
 0.18372433085964607
 0.17165696200290148
 0.16348970322287215
 0.1596559312518224
 0.16104467078288073
 0.16909327589571821
 0.18589629756962103
 0.21428977892282688
 0.25782787229586507
 0.3205107900429861
 0.40606087619231296
 0.51649813329224714
 0.6496625836584029
 0.80378813855851905
 --------------------------------------------------------------

 finished flow of alpha density profile  3.5Mev alpha COMBINED transport flow RED
 --------------------------------------------------------------
 alpha flow in [10**19 1/m**3]*[m/sec]*m**2
 0.
 3.70758729358606435E-3
 1.50762761442414881E-2
 3.47697116914394005E-2
 6.35474615946983595E-2
 0.1016398452481994
 0.14868716657035796
 0.20422168044589195
 0.26772190339147472
 0.33867120190354011
 0.41624766679324177
 0.49912298103844371
 0.58622902997308468
 0.6766909146826402
 0.76904999533966067
 0.86150078286184673
 0.95179370619448145
 1.0371317275774516
 1.1148449162102509
 1.1825295982043922
 1.2379288572407352
 1.2785452068518772
 1.3016100935657948
 1.304343754823968
 1.283865558571978
 1.2373884371504444
 1.1639127195291312
 1.0675321240538573
 0.95258979352940665
 0.82164208413209272
 0.6858593159986992
 0.56089164498972088
 0.45849692873970743
 0.38019233722423312
 0.31989492149915599
 0.27349397869683018
 0.23787682974434565
 0.21080852065874858
 0.19079635751883869
 0.17700511117129261
 0.16921874049420474
 0.16784914567774964
 0.17398715224623812
 0.18947858649544569
 0.21698306139249565
 0.25993084837694808
 0.32223547998029978
 0.40755773162480269
 0.51787140733737547
 0.65097739800299792
 0.80508530884294449
 --------------------------------------------------------------
