      5.35787
      5.33824
      5.32011
      5.29746
      5.26430
      5.21608
      5.15112
      5.07329
      4.97948
      4.87002
      4.74824
      4.61098
      4.46368
      4.30476
      4.13687
      3.96276
      3.78263
      3.60026
      3.41613
      3.23319
      3.05227
      2.87599
      2.70471
      2.54030
      2.38438
      2.23573
      2.09793
      1.96837
      1.84948
      1.74155
      1.64228
      1.55532
      1.47694
      1.40953
      1.35323
      1.30633
      1.26829
      1.24445
      1.22046
      1.16501
      1.06762
     0.937817
     0.771299
     0.592796
     0.464806
     0.413950
     0.401987
     0.399099
     0.395427
     0.391381
     0.387459
      3.47831
      3.48241
      3.48639
      3.49073
      3.49589
      3.50151
      3.50565
      3.50786
      3.50664
      3.49998
      3.48846
      3.46847
      3.44129
      3.40458
      3.35725
      3.30107
      3.23284
      3.15582
      3.06827
      2.97131
      2.86716
      2.75506
      2.63859
      2.51755
      2.39443
      2.27050
      2.14740
      2.02655
      1.90913
      1.79695
      1.68959
      1.58973
      1.49600
      1.41019
      1.33277
      1.26216
      1.20081
      1.14683
      1.10047
      1.06076
      1.02938
     0.988683
     0.934426
     0.853570
     0.715874
     0.502534
     0.290104
     0.148184
    0.0747007
    0.0306782
    0.0231644
      2.93671
      2.92668
      2.91579
      2.90747
      2.90516
      2.90957
      2.91626
      2.92101
      2.92343
      2.92163
      2.91504
      2.90456
      2.89220
      2.87766
      2.86198
      2.84604
      2.82896
      2.81114
      2.79220
      2.77180
      2.74997
      2.72697
      2.70339
      2.67932
      2.65529
      2.63142
      2.60849
      2.58701
      2.56700
      2.54825
      2.53046
      2.51368
      2.49729
      2.48148
      2.46604
      2.45054
      2.43646
      2.42378
      2.41353
      2.40872
      2.41242
      2.41040
      2.41015
      2.38644
      2.29046
      2.10726
      1.86331
      1.58908
      1.30041
      1.00556
     0.712771
      4.46588
      4.45561
      4.44585
      4.43452
      4.41949
      4.39949
      4.37490
      4.34741
      4.31632
      4.28210
      4.24565
      4.20625
      4.16513
      4.12185
      4.07669
      4.03021
      3.98199
      3.93275
      3.88222
      3.83056
      3.77808
      3.72460
      3.67053
      3.61582
      3.56070
      3.50529
      3.44996
      3.39486
      3.34038
      3.28709
      3.23483
      3.18491
      3.13706
      3.09221
      3.05124
      3.01381
      2.98058
      2.95222
      2.92642
      2.89976
      2.87497
      2.82956
      2.76151
      2.65408
      2.47865
      2.22703
      1.93134
      1.62997
      1.33398
      1.04034
     0.745913
  0.000528998
    0.0122185
    0.0248977
    0.0375543
    0.0502335
    0.0629810
    0.0758403
    0.0888474
     0.102010
     0.115330
     0.128800
     0.142355
     0.156025
     0.169756
     0.183538
     0.197360
     0.211195
     0.225036
     0.238861
     0.252662
     0.266410
     0.280107
     0.293739
     0.307314
     0.320836
     0.334310
     0.347794
     0.361216
     0.374559
     0.387811
     0.400910
     0.413894
     0.426690
     0.439319
     0.451776
     0.464010
     0.476112
     0.487979
     0.499650
     0.511121
     0.522330
     0.533361
     0.544138
     0.554736
     0.565163
     0.575380
     0.585639
     0.595545
     0.604806
     0.613435
     0.621740
      4.12210
      4.05979
      4.01174
      3.96846
      3.92041
      3.85810
      3.77362
      3.66554
      3.53606
      3.38664
      3.22530
      3.06043
      2.89504
      2.73773
      2.59086
      2.46250
      2.34985
      2.26071
      2.19337
      2.14759
      2.12360
      2.11632
      2.12157
      2.12253
      2.11788
      2.11540
      2.10916
      2.11537
      2.14801
      2.20841
      2.29190
      2.38610
      2.49863
      2.62249
      2.75710
      2.90540
      3.05981
      3.22859
      3.41141
      3.60828
      3.81970
      4.04139
      4.27308
      4.49853
      4.72075
      4.97710
      5.18352
      5.53405
      6.21012
      7.22066
      8.40220
      1.81950
      1.81786
      1.81658
      1.81542
      1.81414
      1.81250
      1.81033
      1.80767
      1.80469
      1.80143
      1.79800
      1.79456
      1.79110
      1.78772
      1.78444
      1.78130
      1.77828
      1.77540
      1.77260
      1.76988
      1.76720
      1.76453
      1.76186
      1.75913
      1.75634
      1.75350
      1.75064
      1.74770
      1.74470
      1.74162
      1.73840
      1.73506
      1.73158
      1.72803
      1.72441
      1.72070
      1.71693
      1.71306
      1.70914
      1.70515
      1.70110
      1.69703
      1.69290
      1.68870
      1.68445
      1.68010
      1.67561
      1.67110
      1.66675
      1.66258
      1.65850
      1.83610
      1.81963
      1.80453
      1.78987
      1.77477
      1.75830
      1.73984
      1.71985
      1.69903
      1.67762
      1.65650
      1.63614
      1.61692
      1.59909
      1.58274
      1.56810
      1.55448
      1.54254
      1.53194
      1.52265
      1.51490
      1.50821
      1.50278
      1.49803
      1.49385
      1.49010
      1.48614
      1.48260
      1.47966
      1.47739
      1.47610
      1.47554
      1.47609
      1.47755
      1.47993
      1.48350
      1.48778
      1.49328
      1.49976
      1.50722
      1.51600
      1.52574
      1.53668
      1.54831
      1.56059
      1.57370
      1.58532
      1.59964
      1.62032
      1.64757
      1.67820
    0.0257750
    0.0364152
    0.0481597
    0.0602723
    0.0720168
    0.0826570
    0.0915517
    0.0984400
     0.103497
     0.106748
     0.108190
     0.108458
     0.107503
     0.106219
     0.104759
     0.103300
     0.102049
     0.101125
     0.100727
     0.100861
     0.101360
     0.101815
     0.102637
     0.104022
     0.105951
     0.108110
     0.109980
     0.112063
     0.114508
     0.117396
     0.121150
     0.125694
     0.131266
     0.137625
     0.144770
     0.152940
     0.161636
     0.171454
     0.182221
     0.194009
     0.207510
     0.222481
     0.239229
     0.256978
     0.275766
     0.296620
     0.313416
     0.338285
     0.382214
     0.445877
     0.519630
